1.0 0.000136030807731 0.000160567078871 0.000197753903845 0.000238211477951 0.000291840464967 0.000212981755775
1.02 0.000119612435971 0.000140195652481 0.000169911483923 0.000209229784993 0.000256870030756 0.000135624243301
1.04 0.000112258865369 0.00013232992502 0.000160845531863 0.000199991177858 0.00024943049443 0.000139631870651
1.06 0.000113953394414 0.000134310840227 0.000163615287392 0.000202514020874 0.000245451434404 0.000160822392046
1.08 0.000105375969515 0.000124198684323 0.000151137036816 0.000186747726131 0.000228461230079 0.000138138616431
1.1 0.000101504418846 0.000119049265923 0.000144083906291 0.000177556175933 0.000218047442181 0.000137188408764
1.12 0.00010251857824 0.000119607387391 0.00014477250251 0.000176923249498 0.000214960445702 0.00018126798451
1.14 9.89720874098e-05 0.000116340968014 0.000141422754198 0.000175138308868 0.000216607122312 0.000149848517717
1.16 9.89342489603e-05 0.000116513410281 0.000141737431846 0.00017585791708 0.000218771688867 0.000157297037251
1.18 0.000101097054554 0.000118937462623 0.000143487723893 0.000179323285942 0.000223858795017 0.000163803772708
1.2 9.89057229153e-05 0.000116368645682 0.000141401040322 0.000176543350331 0.000218365071358 0.000145138626053
1.22 9.27774829558e-05 0.000108531847043 0.000131202671322 0.000162629704898 0.000200011201485 0.000105699997095
1.24 8.69009890915e-05 0.000101695314691 0.000123228746242 0.000153506063985 0.000189012600518 0.000138146771891
1.26 8.38518955966e-05 9.87067330812e-05 0.000120394396961 0.000150557598022 0.000184549055878 0.00012876809451
1.28 8.51193198478e-05 9.9777246869e-05 0.000120946186647 0.000149683006307 0.000179842209083 0.000132963984364
1.3 8.14967517439e-05 9.57826517103e-05 0.000116340623859 0.000144086352577 0.000178726789811 0.000147729703465
1.32 7.73492589712e-05 9.05031760136e-05 0.000109584358031 0.000135546210822 0.000166802961107 0.000140518477873
1.34 7.52217400212e-05 8.81506256217e-05 0.000107307650402 0.000133563622647 0.000164789408621 0.000104339998817
1.36 7.59220098365e-05 8.87747401621e-05 0.000107529117511 0.000133128764136 0.000164970227039 0.000104793930365
1.38 6.80269606077e-05 7.98233484817e-05 9.72366422241e-05 0.000120799852772 0.00014969823951 8.76577624985e-05
1.4 7.00155540911e-05 8.2755858463e-05 0.000101168371523 0.000126208158318 0.000155531185667 0.000108964987012
1.42 6.83579307553e-05 8.08446110308e-05 9.8530498637e-05 0.000121340088864 0.000149590460732 8.1202539087e-05
1.44 7.09879152621e-05 8.32005007973e-05 0.000101888668009 0.000127089094022 0.000156581479168 9.41653630137e-05
1.46 6.27666245505e-05 7.44476795264e-05 9.05542999534e-05 0.000112015666361 0.000138966903287 6.48754525449e-05
1.48 6.484622605e-05 7.66350823401e-05 9.24176673381e-05 0.000115235347402 0.000143448353511 8.25470968722e-05
1.5 7.4012987538e-05 8.71400862122e-05 0.000105948973003 0.000131388549193 0.000160237343267 0.000122415645462
1.53 6.4587773543e-05 7.64117265818e-05 9.2996713385e-05 0.000115114384506 0.000141911883742 0.000115327754179
1.56 6.16265389187e-05 7.27574671751e-05 8.8353050042e-05 0.000109178479198 0.000134370563361 0.000135442720938
1.59 5.72481238266e-05 6.78375343387e-05 8.29850047036e-05 0.000103827102183 0.000128655780096 7.08382790421e-05
1.62 5.5629767653e-05 6.55150225136e-05 7.98459161164e-05 9.94563991633e-05 0.000123477662636 6.64266836939e-05
1.65 5.29436965506e-05 6.22986796121e-05 7.63287796627e-05 9.55221306035e-05 0.000118325883931 6.6821151972e-05
1.68 5.22141862319e-05 6.14741719701e-05 7.44751249644e-05 9.27663496391e-05 0.000114748277631 5.67881004406e-05
1.71 5.78380878549e-05 6.77262363597e-05 8.22100246227e-05 0.000102372566498 0.000126233946208 9.7824778269e-05
1.74 5.55703981458e-05 6.59518753726e-05 8.00780349405e-05 9.8890056599e-05 0.000121747748009 9.49604516727e-05
1.8 4.91606270881e-05 5.79048591708e-05 7.17430374851e-05 9.00844050982e-05 0.000111095478988 6.95070972545e-05
1.83 5.13813623083e-05 6.04918445151e-05 7.35869617926e-05 9.19611712024e-05 0.000114290076819 8.17465309044e-05
1.86 5.75609338587e-05 6.86959944068e-05 8.30575824996e-05 0.00010187849359 0.000125399579496 8.64335575806e-05
1.89 5.47702432775e-05 6.49274864435e-05 7.93777146832e-05 9.88868718542e-05 0.000121532775375 8.62632721047e-05
1.92 5.23155990389e-05 6.10466308503e-05 7.48441176409e-05 9.42225823976e-05 0.000117269503525 9.87947349601e-05
1.95 5.33107243676e-05 6.28510244475e-05 7.67246037127e-05 9.63964843698e-05 0.000119104918121 8.61962584497e-05
1.98 5.2744327598e-05 6.20354496497e-05 7.56861976454e-05 9.45716897589e-05 0.000117430586021 6.99373167317e-05
2.0 6.1217371303e-05 7.19180054571e-05 8.71944593792e-05 0.000108682206667 0.000134776020376 8.12756071822e-05
2.05 5.21450809968e-05 6.19696792944e-05 7.49076172375e-05 9.47167341381e-05 0.000117248303325 8.88818998894e-05
2.1 5.14693324561e-05 6.1344832525e-05 7.56480661596e-05 9.48054307118e-05 0.000118146285177 6.86263326289e-05
2.15 5.17903483245e-05 6.17091278341e-05 7.60749003679e-05 9.60614256644e-05 0.000119890249979 6.35259991619e-05
2.2 5.50006470359e-05 6.5509072477e-05 8.02652532503e-05 0.000100031445 0.00012550196669 7.38498544559e-05
2.25 5.82027582484e-05 6.91417085041e-05 8.51819779935e-05 0.000106328748931 0.000131738523708 9.43031025987e-05
2.3 6.097242623e-05 7.2142770402e-05 8.85599171059e-05 0.000111067309653 0.000139300818919 0.000134583229934
2.35 6.47495389867e-05 7.69351510033e-05 9.36454391045e-05 0.000117253152787 0.000146408215289 9.77887603023e-05
2.4 6.47309299473e-05 7.64786019045e-05 9.38722894799e-05 0.000119011916037 0.000149243231858 6.16145706922e-05
2.45 6.34952440167e-05 7.66792353706e-05 9.54590248506e-05 0.000120831165509 0.000153948402038 7.47611129516e-05
2.5 6.97450378981e-05 8.28711113968e-05 0.000102171717324 0.000130690291994 0.000166881432002 0.000170309305027
2.55 7.97156453468e-05 9.49471212871e-05 0.000117427541 0.000148953566646 0.000190099984036 0.000155597115049
2.6 8.29149407869e-05 9.94964281465e-05 0.000124690665428 0.000160397137205 0.000202070643963 0.000105961097567
2.65 9.34288568668e-05 0.000112065902289 0.000139463270876 0.000176988788489 0.000230075097453 9.73179290205e-05
2.7 9.52770333964e-05 0.000115362215931 0.000144340872856 0.000187517711769 0.000235361039845 0.00014421911117
2.75 0.000104367731372 0.000125666793875 0.000159641398661 0.000206161689049 0.000278441492807 0.000214758946882
2.8 0.000110055385897 0.000132559059515 0.000168179510298 0.000221361556159 0.000312895702069 0.000193602562993
2.85 0.000116984780174 0.000142752779423 0.000186293393399 0.000252512934969 0.000355568379099 0.000175251865889
2.9 0.000125976989716 0.000155993851298 0.000205381521035 0.000283244975637 0.000398329479925 0.000196946194845
2.95 0.000106712470421 0.000141795273315 0.0002031893459 0.000305247800835 0.000430329608415 0.000173846678732
3.0 0.000127113885244 0.00016444466403 0.000224939220649 0.000330559972603 0.000472939012724 0.000156437769552
