1.0 3.98683581889e-05 4.67463782703e-05 5.63674852055e-05 6.92663299482e-05 8.48964274573e-05 5.87362453616e-05
1.02 3.6033072941e-05 4.25443913877e-05 5.17112699058e-05 6.36784715409e-05 7.74760543211e-05 4.03845296472e-05
1.04 3.50485405412e-05 4.11641745388e-05 4.99373697546e-05 6.15601793833e-05 7.49568210266e-05 4.39185678426e-05
1.06 3.54884894518e-05 4.14405519632e-05 4.99618704314e-05 6.13371118758e-05 7.4944086967e-05 6.48109861212e-05
1.08 3.22106871741e-05 3.80044166865e-05 4.55361608994e-05 5.56770534452e-05 6.80119732998e-05 5.70678717572e-05
1.1 3.09459003033e-05 3.64629283168e-05 4.44223414101e-05 5.48384372786e-05 6.67406787994e-05 4.46109819286e-05
1.12 3.19387392831e-05 3.73561375107e-05 4.49112496315e-05 5.4775876592e-05 6.62772676684e-05 4.41346946299e-05
1.14 3.04122051627e-05 3.55611911262e-05 4.30099262497e-05 5.29230447171e-05 6.45883459633e-05 3.72285233721e-05
1.16 3.06077141424e-05 3.58331694252e-05 4.29164204238e-05 5.2285891273e-05 6.39084859924e-05 4.21222074282e-05
1.18 3.00401435597e-05 3.49716349185e-05 4.20214666687e-05 5.15969828387e-05 6.29163931607e-05 4.5946927527e-05
1.2 2.83711032362e-05 3.30170614601e-05 3.96878914614e-05 4.88668656434e-05 5.97394200217e-05 4.63490148466e-05
1.22 2.81738756188e-05 3.32757125617e-05 4.06968936469e-05 5.00628686485e-05 6.06073293075e-05 3.96242381716e-05
1.24 2.61597061912e-05 3.0888645744e-05 3.76331455016e-05 4.60655434623e-05 5.60567021499e-05 3.83202693521e-05
1.26 2.34028403037e-05 2.74897043611e-05 3.35133154174e-05 4.08549970676e-05 4.98812333053e-05 3.25643534537e-05
1.28 2.57413412964e-05 3.0213540683e-05 3.67401310035e-05 4.52536537688e-05 5.52181937209e-05 3.65423234062e-05
1.3 2.54483761843e-05 2.95178817617e-05 3.54497123311e-05 4.35237148884e-05 5.31252972208e-05 4.33712197056e-05
1.32 2.44938200899e-05 2.8770293709e-05 3.48950861306e-05 4.2613151954e-05 5.18278412395e-05 5.47053010699e-05
1.34 2.33343811812e-05 2.70488485184e-05 3.238818681e-05 3.95633334396e-05 4.83102974473e-05 4.159621271e-05
1.36 2.31407998686e-05 2.72886309387e-05 3.32127660293e-05 4.10308476483e-05 4.9910581066e-05 3.77693661441e-05
1.38 2.05012930794e-05 2.43969541028e-05 2.98222495501e-05 3.67338077429e-05 4.49136905354e-05 2.7182814695e-05
1.4 2.05749490274e-05 2.41216176163e-05 2.90770306209e-05 3.57456762747e-05 4.39692064508e-05 2.29360257902e-05
1.42 2.04496263024e-05 2.35284754591e-05 2.85852641808e-05 3.53307408006e-05 4.31544863348e-05 2.04954247914e-05
1.44 2.0113185729e-05 2.37857471759e-05 2.86161261893e-05 3.51588605509e-05 4.28466643798e-05 2.17402995829e-05
1.46 1.87618992836e-05 2.21243626393e-05 2.7e-05 3.3557093329e-05 4.13315316835e-05 2.38804528952e-05
1.48 1.9796197858e-05 2.29839229663e-05 2.77921060954e-05 3.45531553127e-05 4.22025919131e-05 2.88244478806e-05
1.5 2.33824758865e-05 2.71136191472e-05 3.23957250327e-05 3.98375419306e-05 4.89201665032e-05 3.14761599998e-05
1.53 1.89236752775e-05 2.20851773343e-05 2.69785026756e-05 3.35641074151e-05 4.14052497479e-05 3.08081878733e-05
1.56 1.82451839816e-05 2.12572415383e-05 2.59454505221e-05 3.22865296235e-05 3.97467750138e-05 3.6419827417e-05
1.59 1.8688553954e-05 2.15498443542e-05 2.562730846e-05 3.18166600977e-05 3.91811876729e-05 2.60026979069e-05
1.62 1.72308639707e-05 2.02088323833e-05 2.45124272912e-05 3.02971723196e-05 3.71804731874e-05 2.20205069328e-05
1.65 1.6979329912e-05 1.9736012122e-05 2.37086860385e-05 2.89902195337e-05 3.57526652375e-05 2.49501614215e-05
1.68 1.67334715204e-05 1.98526811588e-05 2.4333904781e-05 3.0173536047e-05 3.68527632375e-05 2.28159818752e-05
1.71 1.68868305186e-05 2.00728864111e-05 2.5e-05 3.06792493665e-05 3.73821104741e-05 2.46101642648e-05
1.74 1.63819864883e-05 1.89798497553e-05 2.26413495326e-05 2.84023537699e-05 3.52484226413e-05 2.66142910204e-05
1.8 1.55371212965e-05 1.84485013399e-05 2.2311704284e-05 2.74019970766e-05 3.40670647341e-05 2.3104450275e-05
1.83 1.55711586443e-05 1.82082452835e-05 2.23028881733e-05 2.77496670381e-05 3.40360488218e-05 2.48802647501e-05
1.86 1.65836163183e-05 1.94588084308e-05 2.36192662113e-05 2.95649849776e-05 3.65589912649e-05 2.72926367323e-05
1.89 1.67261623497e-05 1.94512883501e-05 2.3545687447e-05 2.94505723011e-05 3.64328635654e-05 2.75970049346e-05
1.92 1.64138004075e-05 1.92160572614e-05 2.30651829489e-05 2.79114722607e-05 3.42370004794e-05 2.75520834019e-05
1.95 1.67524984931e-05 1.94754335849e-05 2.35786134459e-05 2.92185023406e-05 3.6077298994e-05 2.02547579898e-05
1.98 1.64781179404e-05 1.9259268973e-05 2.30521148564e-05 2.84045197506e-05 3.49769232201e-05 2.1380957045e-05
2.0 1.93153498268e-05 2.25542772904e-05 2.74832074774e-05 3.43195883323e-05 4.17773816843e-05 2.6005588915e-05
2.05 1.63475519342e-05 1.90914010596e-05 2.3283031182e-05 2.93296542515e-05 3.58599557908e-05 2.4327200673e-05
2.1 1.64791431427e-05 1.95492616061e-05 2.35163789723e-05 2.93225571731e-05 3.65437230029e-05 2.04778389272e-05
2.15 1.61266242014e-05 1.87355602702e-05 2.23679628712e-05 2.78611618743e-05 3.45320588728e-05 2.02930933794e-05
2.2 1.7876174818e-05 2.10755517187e-05 2.54956878338e-05 3.19910616671e-05 3.96108209751e-05 2.56849767248e-05
2.25 1.8994586433e-05 2.19118610177e-05 2.66901272497e-05 3.35397393076e-05 4.18348297298e-05 2.70753925815e-05
2.3 1.92406867607e-05 2.25692377868e-05 2.75474025365e-05 3.44748568352e-05 4.28284882873e-05 3.33909787165e-05
2.35 2.07504564507e-05 2.43263413326e-05 2.99055710578e-05 3.76411957894e-05 4.63273201582e-05 3.85030718217e-05
2.4 2.12714382099e-05 2.5125343514e-05 3.05517253703e-05 3.7983362452e-05 4.71534471364e-05 2.96361653261e-05
2.45 2.04008080536e-05 2.41815998312e-05 2.96889472983e-05 3.81187787209e-05 4.79606412784e-05 2.33679503154e-05
2.5 2.25327662382e-05 2.7049802021e-05 3.3153154032e-05 4.15513804897e-05 5.18011359539e-05 5.23801352344e-05
2.55 1.44511729749e-05 1.78805010265e-05 2.24078559505e-05 2.90913646465e-05 3.86057780018e-05 2.72331189472e-05
2.6 2.65855941125e-05 3.12142596332e-05 3.84749127492e-05 4.87772809088e-05 6.19624728825e-05 3.31151146991e-05
2.65 2.74551490372e-05 3.27794995319e-05 4.07323867784e-05 5.20388108987e-05 6.60755450829e-05 3.17829933119e-05
2.7 2.54910055909e-05 3.03808033875e-05 3.77077243626e-05 4.94117682063e-05 6.36302780048e-05 3.91133415975e-05
2.75 2.81161491799e-05 3.342846397e-05 4.23653921597e-05 5.49126481074e-05 7.10425450734e-05 6.28269301803e-05
2.8 3.03624295759e-05 3.67149888689e-05 4.63890088046e-05 5.9388304326e-05 7.76049460783e-05 3.87643718315e-05
2.85 3.13000291427e-05 3.77025967838e-05 4.76828095217e-05 6.25344770165e-05 8.33956578389e-05 4.17355773162e-05
2.9 3.29779732145e-05 3.98959705918e-05 5.07304652327e-05 6.79834948035e-05 8.96816245752e-05 4.90500633028e-05
2.95 2.80546348607e-05 3.45729687855e-05 4.58037555442e-05 6.35317766783e-05 8.94584575953e-05 4.49325915722e-05
3.0 3.32005613754e-05 4.05035846742e-05 5.24476621488e-05 7.23718925862e-05 9.98160316824e-05 5.46650445592e-05
