1.0 0.000204968126086 0.000243525096908 0.000290846475476 0.000354002283044 0.000447354882989 0.000306645797341
1.02 0.000178961551479 0.000209588451423 0.000253170573505 0.000312097966087 0.000385818147143 0.000174646807413
1.04 0.000168695028447 0.000198167388255 0.000241470565773 0.000302747074886 0.000378139076391 0.000209102926394
1.06 0.000171373253321 0.000201875259492 0.000245311956272 0.000299509879956 0.000370244227385 0.000241054445807
1.08 0.000158327869769 0.000186088315715 0.00022598699633 0.000278531144539 0.000343170005571 0.000207134133482
1.1 0.000151938656652 0.000177949535875 0.000214739664754 0.000265414733376 0.000331337600038 0.000204425525027
1.12 0.000153141268273 0.000179125492862 0.000215541884291 0.000264279957403 0.000322801104966 0.000271133232771
1.14 0.000148248557027 0.000174440112979 0.000211627734946 0.000262933841643 0.000325419964599 0.000224490860386
1.16 0.000149041440503 0.000174828169294 0.000212199321012 0.000266190207553 0.000330245876002 0.000239271173719
1.18 0.000151806864667 0.000177548275742 0.000216520329018 0.000272149779934 0.000337032954363 0.000248410515031
1.2 0.000148720208794 0.000174615185996 0.000213780799187 0.000267251995814 0.000318696374652 0.000219291670248
1.22 0.00013871333342 0.000161973715141 0.000196679369241 0.000244124569564 0.000297537890422 0.00015754668675
1.24 0.000129546834395 0.000152072732412 0.000185614200458 0.000230871731887 0.000280060264519 0.000207911200608
1.26 0.000125849983587 0.000148479158253 0.000181686186985 0.000225062781639 0.000272053287133 0.000194296566528
1.28 0.000127653635892 0.000149696319273 0.000181576729606 0.000220368402736 0.000268822632461 0.000198662498386
1.3 0.000122232103998 0.000143687116751 0.000174650865558 0.00021769151835 0.000266228737431 0.000223216042135
1.32 0.000115616325254 0.000135452510419 0.000163986711687 0.000203053810679 0.000248319650748 0.000210516459409
1.34 0.000112836695931 0.000132554782117 0.000161698302115 0.000200824417002 0.000243510539519 0.000157144651035
1.36 0.000113238525319 0.000132867469458 0.000161156617195 0.000200347274017 0.00025195312596 0.000156750788982
1.38 0.000102076284008 0.000119976555251 0.000145823858578 0.000181709612935 0.000226779518071 0.000131663274943
1.4 0.000105487707694 0.000124724396273 0.000152503931994 0.000189439217602 0.000233424013252 0.000164041254122
1.42 0.000103195959552 0.000121345135664 0.000146942544826 0.000182222962442 0.000224767659409 0.000122079116755
1.44 0.000106100076268 0.000125504675318 0.000153581753118 0.000190866162525 0.00023331098168 0.000142357715927
1.46 9.4680368724e-05 0.000111527961963 0.000134839395719 0.000168284518623 0.000209375506457 9.7886877816e-05
1.48 9.79305118989e-05 0.000114070299124 0.000138861742846 0.000174057079502 0.000216833627285 0.000122961552838
1.5 0.00011187762101 0.000131352771033 0.000159579147245 0.000196733574126 0.000239326781461 0.000184168222777
1.53 9.77040336488e-05 0.000114891241395 0.000139204832014 0.000172721139424 0.000213845523463 0.00017315916725
1.56 9.31246979345e-05 0.000109091413296 0.000132229037272 0.000163982186728 0.000202219623817 0.000203644397262
1.59 8.64725465656e-05 0.000102293477878 0.000125179669777 0.000156245708069 0.000194099633571 0.000106916345778
1.62 8.34914746311e-05 9.83900728162e-05 0.000119854984218 0.000149995619962 0.000185698446906 9.97421164919e-05
1.65 7.92112528779e-05 9.39880076314e-05 0.000115226565586 0.000143687468682 0.000177742163476 0.000100854917881
1.68 7.81743207448e-05 9.18802389279e-05 0.000111791478912 0.000139284911465 0.000172776811898 8.48364659745e-05
1.71 8.62253207796e-05 0.000101438074783 0.000123776676535 0.000153779808259 0.000189531677113 0.000146978628829
1.74 8.44732931193e-05 9.89072923938e-05 0.000119563526935 0.000148319604616 0.000183130968785 0.000142627390476
1.8 7.36864458547e-05 8.81186463088e-05 0.000108632571695 0.000135080625726 0.000166933123966 0.000105512986965
1.83 7.71467389013e-05 9.08151927038e-05 0.000111037134089 0.000138723201604 0.000172268832374 0.000123138497083
1.86 8.74267120418e-05 0.000102570646315 0.000124004830917 0.000153767505531 0.000190667429926 0.000129305584787
1.89 8.27914998157e-05 9.79199110287e-05 0.000119543772724 0.000148058314947 0.000182019806232 0.000129338328735
1.92 7.80444567931e-05 9.22903411383e-05 0.000113464795376 0.000142490335077 0.000175665717285 0.000148984530419
1.95 8.02860693331e-05 9.47394339926e-05 0.00011654173541 0.000145207285303 0.000179139702065 0.000130212270275
1.98 7.93059093746e-05 9.35711857926e-05 0.000114600085447 0.000143173995363 0.000176558951761 0.000105739092119
2.0 9.1804672019e-05 0.000107581823332 0.00013152144768 0.000164036937071 0.000203399276703 0.000122250855068
2.05 7.87646673073e-05 9.22179082008e-05 0.000113806561511 0.000142480919965 0.000175853774685 0.000134471471446
2.1 7.83215342245e-05 9.28785405696e-05 0.000113898226168 0.000143034198178 0.00017863782781 0.000103422298848
2.15 7.85673947778e-05 9.36103659512e-05 0.000115439480386 0.000145661872964 0.000180673062666 9.60608798887e-05
2.2 8.36413549727e-05 9.89229079782e-05 0.000120629688673 0.000152077933316 0.000189134192487 0.00011105983034
2.25 8.82912185172e-05 0.000104849303403 0.000128444435172 0.000159866753738 0.000199939298207 0.000141587408671
2.3 9.18973989019e-05 0.000108997198393 0.000133995587966 0.000168744498332 0.000211601713619 0.000204427250145
2.35 9.80967579259e-05 0.000115473102708 0.000141446265486 0.000177888794817 0.000225755449695 0.000148157298873
2.4 9.74117946012e-05 0.000115322540355 0.000143102520839 0.000181257093681 0.000226920708519 9.26523457514e-05
2.45 9.79054096665e-05 0.000117389426344 0.000145420818704 0.000186044893863 0.0002373078185 0.000114683226935
2.5 0.000105738272905 0.000125901942895 0.000156681360527 0.000201334158819 0.000257941445689 0.000263014731583
2.55 0.000121461045985 0.000144540605115 0.000178676775502 0.00022982305244 0.000286234724321 0.000239970924632
2.6 0.000127062720618 0.000153274551312 0.000192336121359 0.000245395181009 0.000314955933375 0.00016345801666
2.65 0.000143174298553 0.000171491776287 0.000213526485487 0.000275349340276 0.000373080461179 0.000149336703094
2.7 0.000147234736539 0.000176966616159 0.000224196417932 0.00028534658487 0.000389134372919 0.000224038595793
2.75 0.00016081543319 0.000195909169489 0.000247511462749 0.000332319160752 0.000459817096355 0.000349836719043
2.8 0.000169790871789 0.000206942805865 0.000259946030934 0.000371732627265 0.000514503052474 0.000321257156846
2.85 0.000183168824146 0.000227914209678 0.000299450945329 0.000421170874514 0.000603856616273 0.0002814964954
2.9 0.000199339876988 0.000250300562426 0.000334895296643 0.000474336327344 0.000702966839276 0.000321432346417
2.95 0.000182008811648 0.000245574275963 0.000355387586469 0.000514924309548 0.000880849093526 0.000308752537785
3.0 0.000211179052824 0.000273530293719 0.000391719916205 0.00054895588103 0.00100651618781 0.000257842875868
