1.0 7.97675768648e-05 9.3223823658e-05 0.000112819140626 0.000140334245753 0.000168729782649 0.000117808010043
1.02 7.32099752958e-05 8.56375445613e-05 0.000103527076485 0.000126465604138 0.000153308693027 8.15514210016e-05
1.04 7.06386978619e-05 8.26969634549e-05 0.000100013225453 0.000122853926401 0.000150044774917 8.81032201012e-05
1.06 7.06411563233e-05 8.27864004609e-05 0.000100005641615 0.000123063942672 0.000149577548586 0.000129972221232
1.08 6.443218219e-05 7.482616745e-05 9.06621277222e-05 0.000111627722105 0.000135649790085 0.000114318883005
1.1 6.27487093694e-05 7.38740098005e-05 8.90753582065e-05 0.000109003092884 0.000132068604879 8.93024507822e-05
1.12 6.35002785599e-05 7.41663946345e-05 8.90361194944e-05 0.000108851190247 0.000131319488974 8.74993280388e-05
1.14 6.08091621879e-05 7.12401207423e-05 8.60353705177e-05 0.000105865732014 0.000128854240226 7.45070346586e-05
1.16 6.07025628931e-05 7.0663465484e-05 8.53465999943e-05 0.000104786494398 0.000127594024315 8.37014522531e-05
1.18 5.94610518583e-05 6.92592769683e-05 8.40139028529e-05 0.000102894691157 0.000125940046771 9.20319612925e-05
1.2 5.6167628254e-05 6.55732144004e-05 7.96470237032e-05 9.80641726436e-05 0.000120311586871 9.30308750946e-05
1.22 5.75460671363e-05 6.72660108921e-05 8.10106216292e-05 9.91400117556e-05 0.000121180491229 7.904645531e-05
1.24 5.32393200826e-05 6.20622862531e-05 7.47924542698e-05 9.18192008217e-05 0.000112395911283 7.61142291191e-05
1.26 4.73141683355e-05 5.50861875226e-05 6.63439199832e-05 8.17228672732e-05 0.000100537218983 6.45332100092e-05
1.28 5.19019133011e-05 6.09770170089e-05 7.36582294121e-05 9.05699349836e-05 0.000110496878599 7.32249423902e-05
1.3 5.03158417951e-05 5.86598791493e-05 7.08465737501e-05 8.71866688475e-05 0.000106440215872 8.68675234776e-05
1.32 4.95148620071e-05 5.75791545018e-05 6.92545842845e-05 8.48235199015e-05 0.000103173445298 0.000108934469567
1.34 4.61630520188e-05 5.36864445324e-05 6.45034690642e-05 7.95372136868e-05 9.73401772503e-05 8.38665697945e-05
1.36 4.68910359752e-05 5.51332987989e-05 6.65326926581e-05 8.15737881327e-05 9.93662415314e-05 7.5307046684e-05
1.38 4.22313835193e-05 4.94432293085e-05 5.97428453461e-05 7.35309193629e-05 9.00011783897e-05 5.4425598398e-05
1.4 4.098084212e-05 4.77624867078e-05 5.81918879482e-05 7.2130202148e-05 8.86811835375e-05 4.54999962803e-05
1.42 4.04497388126e-05 4.75989740222e-05 5.78670268668e-05 7.11468754872e-05 8.5895617617e-05 4.04970493195e-05
1.44 4.03332834944e-05 4.70605554229e-05 5.6744336818e-05 7.0322169146e-05 8.67808644569e-05 4.30907349556e-05
1.46 3.8011028251e-05 4.47851376081e-05 5.46027608664e-05 6.71934511235e-05 8.18107072864e-05 4.83330794621e-05
1.48 3.91853156578e-05 4.61858962388e-05 5.61713109645e-05 6.86480268586e-05 8.42689907234e-05 5.80655539721e-05
1.5 4.58530101054e-05 5.33462646136e-05 6.49224403358e-05 8.03617224392e-05 9.86292970183e-05 6.28808675762e-05
1.53 3.79609725936e-05 4.47842922137e-05 5.46403247279e-05 6.76227046182e-05 8.25966020736e-05 6.22702868119e-05
1.56 3.66200034835e-05 4.31627338136e-05 5.25574879139e-05 6.48768286583e-05 7.91789939394e-05 7.27121504302e-05
1.59 3.63269169244e-05 4.25492430706e-05 5.18551993613e-05 6.4318089403e-05 7.91151498287e-05 5.26549237878e-05
1.62 3.45336743885e-05 4.05021473148e-05 4.91460076775e-05 6.07642463415e-05 7.46505145004e-05 4.41289331331e-05
1.65 3.35366489758e-05 3.90097299025e-05 4.72668798331e-05 5.8684276086e-05 7.2201827818e-05 4.99615585766e-05
1.68 3.41070187787e-05 4.03115733242e-05 4.86969660243e-05 5.9980735111e-05 7.36430421483e-05 4.58476135201e-05
1.71 3.52390270158e-05 4.11929705005e-05 4.95741402752e-05 6.11717148166e-05 7.52419799555e-05 4.89210023781e-05
1.74 3.19472609018e-05 3.78447199562e-05 4.6502779741e-05 5.74061056496e-05 7.00560574408e-05 5.40583056492e-05
1.8 3.13460004075e-05 3.66175779584e-05 4.46361462684e-05 5.61426888502e-05 6.91362664591e-05 4.64274653267e-05
1.83 3.13491954726e-05 3.70616859881e-05 4.49618058347e-05 5.56277308421e-05 6.85792501518e-05 4.98529419261e-05
1.86 3.32342087887e-05 3.92599044448e-05 4.82058082849e-05 5.93717157653e-05 7.23177088426e-05 5.52841484026e-05
1.89 3.31003494515e-05 3.91493513997e-05 4.79248673392e-05 5.96182785758e-05 7.3302608033e-05 5.59558081768e-05
1.92 3.26946475918e-05 3.77411714299e-05 4.53715716114e-05 5.64079732087e-05 7.00366726831e-05 5.56507706017e-05
1.95 3.32371631047e-05 3.89132489335e-05 4.74071169429e-05 5.91506530475e-05 7.34449445651e-05 4.05032742519e-05
1.98 3.24955328146e-05 3.78271043017e-05 4.60262053979e-05 5.73269054054e-05 7.11459593877e-05 4.24045605551e-05
2.0 3.86111006411e-05 4.56457473946e-05 5.54072423044e-05 6.84686479878e-05 8.43956862758e-05 5.26118249883e-05
2.05 3.24613444297e-05 3.86752598251e-05 4.72627556153e-05 5.86184302138e-05 7.3212496976e-05 4.91403378689e-05
2.1 3.29546467681e-05 3.85450458779e-05 4.76978300495e-05 5.95243478707e-05 7.38135457514e-05 4.06563067557e-05
2.15 3.15724698338e-05 3.70677348482e-05 4.55674345854e-05 5.70355100419e-05 7.09072512359e-05 4.07693484037e-05
2.2 3.57595852316e-05 4.21957360222e-05 5.19051921064e-05 6.45000583101e-05 7.99178306026e-05 5.23215248675e-05
2.25 3.71718660701e-05 4.42043960594e-05 5.44324633905e-05 6.84424579761e-05 8.43724414855e-05 5.52177681511e-05
2.3 3.86126839691e-05 4.55742478238e-05 5.58185540099e-05 6.99655934365e-05 8.7261566851e-05 6.7753588632e-05
2.35 4.16716439121e-05 4.95922105531e-05 6.07272199486e-05 7.54245408152e-05 9.41328371268e-05 7.72541578653e-05
2.4 4.27375704775e-05 5.02759976484e-05 6.14869257564e-05 7.75178698926e-05 9.73912770996e-05 5.96504972485e-05
2.45 4.15251665452e-05 4.9846610928e-05 6.23762701598e-05 7.87351776498e-05 9.9109826797e-05 4.80955394049e-05
2.5 4.64509192406e-05 5.48497716985e-05 6.74446726786e-05 8.52144583632e-05 0.000108198307307 0.0001092762947
2.55 3.07562749448e-05 3.69960702583e-05 4.7163608775e-05 6.40326945187e-05 8.71581744061e-05 5.99414839944e-05
2.6 5.3822118215e-05 6.40355354062e-05 7.99052664978e-05 0.000102450372064 0.000130442046788 6.82260812243e-05
2.65 5.69222043857e-05 6.80315315541e-05 8.50967305704e-05 0.000108753550639 0.000137076305823 6.6131390462e-05
2.7 5.22293624179e-05 6.35322188145e-05 8.1090594314e-05 0.000105467879744 0.000138225248375 8.45964258893e-05
2.75 5.86613207891e-05 7.12831354388e-05 9.03402024649e-05 0.000119039181326 0.000154709681007 0.000136880825974
2.8 6.43854934329e-05 7.76008746751e-05 9.80878909059e-05 0.000127978676696 0.000172659378484 8.16198149982e-05
2.85 6.60107288954e-05 8.05733211972e-05 0.000104011372441 0.000141719737349 0.000193279677593 9.00018415802e-05
2.9 7.06850340141e-05 8.74974295795e-05 0.000113803996735 0.00015492807749 0.000213279031923 0.000109716817482
2.95 6.34006949715e-05 8.06525693326e-05 0.000109982725099 0.000158856638578 0.000231037145808 0.000109745283859
3.0 7.28457430473e-05 9.22012695953e-05 0.000124471121541 0.000177403807371 0.00026052491585 0.00013355146247
