1.0 7.67769694355e-05 9.05854863047e-05 0.000109462723882 0.000127474336139 0.000158240327725 0.000111106747286
1.02 7.09856633735e-05 8.23837769834e-05 9.8637859802e-05 0.000119750993675 0.000145358801796 7.51943871785e-05
1.04 6.84767927528e-05 7.99679294713e-05 9.62975325658e-05 0.000118775845471 0.000146308833812 8.66541959669e-05
1.06 6.85681816838e-05 7.99364856392e-05 9.63878922647e-05 0.000116015222006 0.000139936703303 0.000115548813189
1.08 6.22023635556e-05 7.28513915479e-05 8.74545909663e-05 0.000106383019402 0.000128501450627 0.000104408477601
1.1 6.10387056547e-05 7.10215203543e-05 8.50584649663e-05 0.000103672640835 0.000127116501759 8.91262375262e-05
1.12 6.07938793895e-05 7.06444897031e-05 8.45794679469e-05 0.00010255204695 0.000124040650906 8.6581662196e-05
1.14 5.8974073022e-05 6.90191471372e-05 8.29806698247e-05 0.000101490115399 0.000123337251313 7.55185038364e-05
1.16 5.84006828854e-05 6.80787885021e-05 8.17454230246e-05 0.000100898720702 0.000123179975958 7.95085531541e-05
1.18 5.74375963356e-05 6.69134582858e-05 8.0442723281e-05 9.97230815667e-05 0.000122168090927 8.71702722655e-05
1.2 5.41678475598e-05 6.32662637125e-05 7.63085196142e-05 9.43360631828e-05 0.000113756708755 9.12669559634e-05
1.22 5.51732691202e-05 6.41081398884e-05 7.71605753245e-05 9.4441520452e-05 0.000113491125714 7.83380213549e-05
1.24 5.10649666581e-05 5.95125019926e-05 7.19382170045e-05 8.83293401944e-05 0.000105823595619 7.98620616204e-05
1.26 4.58192568313e-05 5.35111343394e-05 6.4953763218e-05 8.01540083207e-05 9.61145215939e-05 6.32831747039e-05
1.28 5.01146249149e-05 5.84113184309e-05 7.031210301e-05 8.46836572124e-05 0.000100500518264 7.53274448472e-05
1.3 4.80845522637e-05 5.61888337548e-05 6.7583618764e-05 8.30602738716e-05 0.00010045428987 8.67272038526e-05
1.32 4.71680976145e-05 5.48482611066e-05 6.57246550995e-05 8.00635707155e-05 9.6338142724e-05 9.55211587366e-05
1.34 4.4348237235e-05 5.17949069254e-05 6.25244034967e-05 7.6595410673e-05 9.18319499468e-05 7.28165987313e-05
1.36 4.52096675478e-05 5.2761750761e-05 6.33567530169e-05 7.75298855884e-05 9.57069466265e-05 6.46253991912e-05
1.38 4.1130420396e-05 4.80056583948e-05 5.77809085091e-05 7.08361270222e-05 8.67793389727e-05 5.26793555945e-05
1.4 3.9748720328e-05 4.6681472393e-05 5.66101991041e-05 6.96124694065e-05 8.44892029053e-05 4.73931419308e-05
1.42 3.95646244683e-05 4.64112267999e-05 5.54365056144e-05 6.750947196e-05 8.17198269637e-05 4.23679722548e-05
1.44 3.86373173412e-05 4.51316735621e-05 5.49606473955e-05 6.76605645413e-05 8.2249159648e-05 4.43430158823e-05
1.46 3.73283491385e-05 4.3751463889e-05 5.23959130288e-05 6.43475146369e-05 7.82262803141e-05 4.71760958679e-05
1.48 3.81585951259e-05 4.43070025979e-05 5.33539378917e-05 6.58641879246e-05 8.05502011182e-05 5.32362507437e-05
1.5 4.27629545508e-05 5.01377682297e-05 6.05411669151e-05 7.40648025795e-05 8.89999184693e-05 5.84515206236e-05
1.53 3.69387392897e-05 4.32877315423e-05 5.21368460098e-05 6.36706073879e-05 7.77210095724e-05 5.8137360012e-05
1.56 3.5115339376e-05 4.11477871614e-05 4.93997236685e-05 6.03716426824e-05 7.33843077886e-05 7.58919660209e-05
1.59 3.47408848771e-05 4.07679260251e-05 4.9363292399e-05 6.07956092918e-05 7.40484010066e-05 5.04053832131e-05
1.62 3.30627024943e-05 3.86286079914e-05 4.67105516525e-05 5.75694355448e-05 7.01801058863e-05 4.0279296394e-05
1.65 3.18231761902e-05 3.73961905904e-05 4.53887482084e-05 5.57718177572e-05 6.77677224124e-05 4.10411424452e-05
1.68 3.26425866922e-05 3.8052503104e-05 4.60033493499e-05 5.65146559148e-05 6.89401010547e-05 3.91611823373e-05
1.71 3.30804521106e-05 3.84763596044e-05 4.64843480472e-05 5.71054301145e-05 6.92689044014e-05 4.76220177275e-05
1.74 3.14060224436e-05 3.66953485893e-05 4.40954999345e-05 5.39510094528e-05 6.55291223904e-05 5.03537773043e-05
1.8 2.98278821693e-05 3.53123514759e-05 4.30748093907e-05 5.2809824722e-05 6.41994252773e-05 4.26731430608e-05
1.83 3.01648018378e-05 3.53025634456e-05 4.26826084196e-05 5.26131806326e-05 6.42033498802e-05 4.6242429845e-05
1.86 3.3930473106e-05 3.95217317698e-05 4.71117498734e-05 5.77987616584e-05 7.05110928955e-05 5.44376298358e-05
1.89 3.15706016517e-05 3.7110669993e-05 4.50200585345e-05 5.51904243775e-05 6.68781326299e-05 4.97486987944e-05
1.92 3.00742484216e-05 3.54556868973e-05 4.31546647873e-05 5.35343480162e-05 6.49147045996e-05 5.00270880028e-05
1.95 3.07786695005e-05 3.61855475238e-05 4.40629805009e-05 5.43797987873e-05 6.62049795121e-05 3.6144211573e-05
1.98 3.05509429014e-05 3.5772661446e-05 4.36132023702e-05 5.38781293821e-05 6.57429558773e-05 4.11782620235e-05
2.0 3.51764328216e-05 4.08606922585e-05 4.93966354063e-05 6.08371883399e-05 7.41646407379e-05 4.89802407768e-05
2.05 3.04693319909e-05 3.54916766512e-05 4.32187750441e-05 5.35570464157e-05 6.50301762293e-05 5.65386877119e-05
2.1 3.07874176969e-05 3.62757993463e-05 4.40781415641e-05 5.44944695085e-05 6.67435118221e-05 3.73814747634e-05
2.15 2.9896596611e-05 3.53468001616e-05 4.3119859983e-05 5.35920824066e-05 6.56513210275e-05 3.30495429302e-05
2.2 3.2868541304e-05 3.87115840035e-05 4.68634073542e-05 5.80020577541e-05 7.14314893064e-05 4.47271200594e-05
2.25 3.38367012884e-05 4.00076551031e-05 4.87950552968e-05 5.98919470482e-05 7.35187614266e-05 5.3903085423e-05
2.3 3.52835038786e-05 4.15775758362e-05 5.05845202585e-05 6.29759359882e-05 7.75902505465e-05 6.24384827165e-05
2.35 3.72472231364e-05 4.36903752391e-05 5.28587737047e-05 6.5709251774e-05 8.14672867697e-05 6.95231936438e-05
2.4 3.8095867807e-05 4.48357498685e-05 5.49364814763e-05 6.87180665921e-05 8.45071474433e-05 6.35445620106e-05
2.45 3.93854501592e-05 4.65980730272e-05 5.70414599612e-05 7.14272419063e-05 8.87859099953e-05 4.50328830856e-05
2.5 4.19000531054e-05 4.95028341192e-05 6.07320594125e-05 7.66580963869e-05 9.58166143157e-05 8.81941100068e-05
2.55 3.1504766859e-05 3.90292482979e-05 5.07011639721e-05 6.79722648203e-05 9.13887754914e-05 5.87846874092e-05
2.6 4.92843180358e-05 5.8827844693e-05 7.30382708349e-05 9.22263535345e-05 0.000113449222725 6.75130979504e-05
2.65 5.25267286517e-05 6.28469317426e-05 7.7621137839e-05 9.69019001224e-05 0.000128067309784 6.77594428e-05
2.7 5.13360897682e-05 6.20339359854e-05 7.78307155475e-05 0.000100586158772 0.000128442819869 7.47964041326e-05
2.75 5.75477564873e-05 6.95161604602e-05 8.80000858284e-05 0.000113581183611 0.000154081173592 0.000140514751723
2.8 6.13464005523e-05 7.5092222349e-05 9.32583591696e-05 0.000127359026557 0.000174840056477 0.000107074579877
2.85 6.58457772499e-05 8.13304808347e-05 0.000106255192626 0.000143134224556 0.000202109150902 8.72118423765e-05
2.9 7.18875774399e-05 8.84930522589e-05 0.000116332864396 0.000159146291112 0.000220800249353 9.73293143524e-05
2.95 7.05283214604e-05 9.05535290333e-05 0.000122825711921 0.000174196881438 0.000238168065624 0.000116516361046
3.0 7.7841296236e-05 9.84867952562e-05 0.00013554307692 0.000188700664272 0.000292634218521 0.000154429225501
