1.0 0.000116348550932 0.000136847153013 0.000157347075824 0.000195752686626 0.0002403472659 0.000158641967405
1.02 0.000105612707652 0.000122920493579 0.000146696836359 0.000179600898457 0.000217915008246 0.000107102053457
1.04 0.000102608312548 0.000120040349648 0.000145332295099 0.000180854190558 0.000217667027514 0.000130022634667
1.06 0.000102914227006 0.000120203181329 0.000142574643768 0.000173252419767 0.000212363492149 0.000182882855023
1.08 9.33915756245e-05 0.000108980804687 0.00013044746422 0.000158959761653 0.000192983753844 0.000155979607373
1.1 9.11000941269e-05 0.000106020616844 0.000127064158683 0.000156915499246 0.000193199181436 0.000133201810051
1.12 9.09632046163e-05 0.000105422415134 0.000126052473686 0.000153965420252 0.00018610173085 0.000129066816375
1.14 8.84645235907e-05 0.000103209420507 0.000124286249149 0.00015256337051 0.000186165763264 0.000113103301631
1.16 8.76279033437e-05 0.000102119197919 0.000123660385667 0.000152704213573 0.000183656237314 0.000119902338118
1.18 8.57363913675e-05 0.00010017435535 0.000122103184872 0.000151313305627 0.000183275453061 0.00013217233493
1.2 8.12830308395e-05 9.51842694571e-05 0.00011545379732 0.000141448609424 0.000166084341641 0.000137601368911
1.22 8.21722020968e-05 9.61895618972e-05 0.000115852767222 0.000140725127497 0.000169674120999 0.000117533826723
1.24 7.64414806927e-05 8.94395915998e-05 0.000108337623373 0.000131147884086 0.000157538145805 0.0001196061309
1.26 6.88202596106e-05 8.06951118739e-05 9.80338354465e-05 0.000118854108709 0.00014279274597 9.55209625479e-05
1.28 7.51582139854e-05 8.78113209809e-05 0.000104377275227 0.000124113117001 0.000155161011114 0.00010988830649
1.3 7.22133614321e-05 8.43710453021e-05 0.000101933793518 0.000124828412365 0.000148504291327 0.000129679586566
1.32 7.05315630049e-05 8.18954190155e-05 9.8363468244e-05 0.000119392515496 0.000142986016129 0.000141761340277
1.34 6.67974146312e-05 7.81130292997e-05 9.39993080454e-05 0.000113902922984 0.00013577747961 0.000108955325819
1.36 6.76994903819e-05 7.88543296055e-05 9.48645181127e-05 0.000118403167297 0.000146133823827 9.68817998931e-05
1.38 6.17579272866e-05 7.19951412888e-05 8.67494333994e-05 0.000107198713455 0.000131408036789 7.90985234698e-05
1.4 5.98272287674e-05 7.03632445065e-05 8.51762638724e-05 0.000104375160427 0.000126555002623 7.14202905344e-05
1.42 5.95291478896e-05 6.91952332087e-05 8.2929929546e-05 0.00010140896109 0.000122292303426 6.35461033565e-05
1.44 5.78890095156e-05 6.83685606372e-05 8.27071009483e-05 0.000101609312058 0.000121956971219 6.70239356702e-05
1.46 5.5937572368e-05 6.52198573485e-05 7.8652053065e-05 9.66696613346e-05 0.000119409872964 7.04235686619e-05
1.48 5.68801779151e-05 6.62683219928e-05 8.05846486321e-05 9.94478742157e-05 0.000121857174992 8.03730774932e-05
1.5 6.44789951892e-05 7.55362866474e-05 9.10028829094e-05 0.000110539629639 0.000133135596602 8.80772061236e-05
1.53 5.55619688853e-05 6.49073420526e-05 7.80979291507e-05 9.60407707882e-05 0.000117161114739 8.74381933133e-05
1.56 5.27641359529e-05 6.15051433002e-05 7.39290647981e-05 9.08098353061e-05 0.000111162616878 0.000115314683118
1.59 5.23665042472e-05 6.15805143447e-05 7.44486437307e-05 9.14457985911e-05 0.000113007095257 7.5850294321e-05
1.62 4.95982310852e-05 5.80345673216e-05 7.04018975372e-05 8.67965857606e-05 0.000105269031997 6.05016824098e-05
1.65 4.80400173306e-05 5.64338070693e-05 6.82452997636e-05 8.38887757391e-05 0.000101877392408 6.18064096207e-05
1.68 4.87191719903e-05 5.7105178943e-05 6.90740143279e-05 8.51313931891e-05 0.00010386424727 5.87647825164e-05
1.71 4.95691849863e-05 5.78653376135e-05 6.99210592887e-05 8.57537180643e-05 0.00010399429361 7.15732474236e-05
1.74 4.71452047454e-05 5.49284869704e-05 6.60905622808e-05 8.10357300668e-05 9.89376144963e-05 7.5567230137e-05
1.8 4.54245313404e-05 5.35167435788e-05 6.45951515796e-05 7.92611511756e-05 9.6662077359e-05 6.39630854441e-05
1.83 4.53009630058e-05 5.30607433225e-05 6.43030450082e-05 7.91855947749e-05 9.68843101812e-05 6.96776638452e-05
1.86 5.06692385622e-05 5.87173335306e-05 7.09608300436e-05 8.76824699614e-05 0.000106754560082 8.23831183643e-05
1.89 4.76283466943e-05 5.58957465175e-05 6.74992484805e-05 8.26006292202e-05 0.000100294789587 7.45019668906e-05
1.92 4.56317798087e-05 5.36299907448e-05 6.56816268839e-05 8.05332986238e-05 9.6951661742e-05 7.53380345604e-05
1.95 4.64715563661e-05 5.48170064586e-05 6.6574783121e-05 8.19085691436e-05 9.9377263093e-05 5.48013770394e-05
1.98 4.602486509e-05 5.40887099203e-05 6.58825489135e-05 8.133843299e-05 9.90323807777e-05 6.22646064999e-05
2.0 5.25933799159e-05 6.15038047813e-05 7.45665038517e-05 9.18681065691e-05 0.00011166931367 7.38673740874e-05
2.05 4.54042871927e-05 5.3695699516e-05 6.54289354444e-05 8.03140316938e-05 9.78100742425e-05 8.49057183994e-05
2.1 4.65607707567e-05 5.46456000168e-05 6.65082778995e-05 8.21886509812e-05 0.000100994864615 5.63005496923e-05
2.15 4.53189233716e-05 5.36230353784e-05 6.548389105e-05 8.11293298641e-05 9.92173731438e-05 5.03404058898e-05
2.2 4.95528140015e-05 5.81234296174e-05 7.07858485062e-05 8.83352407142e-05 0.000106109345712 6.73641321633e-05
2.25 5.12809039353e-05 6.06497697355e-05 7.31697877457e-05 9.06621395593e-05 0.000111581712768 7.94070431722e-05
2.3 5.32312083142e-05 6.28401528365e-05 7.68141086129e-05 9.55754138558e-05 0.000118207132096 9.47854678434e-05
2.35 5.58683894608e-05 6.5637334806e-05 8.0161727542e-05 0.000100155367615 0.000125944552545 0.000106627800449
2.4 5.75678910852e-05 6.8233734019e-05 8.3863400207e-05 0.000104311232785 0.000129871648484 9.68532328654e-05
2.45 5.99492638246e-05 7.08880442396e-05 8.70750231203e-05 0.000109544217847 0.000136048676196 6.84643331874e-05
2.5 6.34829441931e-05 7.54518824194e-05 9.34340091019e-05 0.000117947782114 0.000148988503764 0.00013544289348
2.55 4.98591993036e-05 6.17842299735e-05 8.11009551445e-05 0.000110569550398 0.000144893435078 9.43557342885e-05
2.6 7.5642691113e-05 9.06789484632e-05 0.000112382501069 0.00013899156773 0.000180867617252 0.000104245261663
2.65 8.07989521595e-05 9.62454603164e-05 0.000118206619526 0.000156181661956 0.000206403118849 0.000104043982959
2.7 7.96341377693e-05 9.60443489598e-05 0.000122110268689 0.000155666646199 0.000215293605197 0.000117776846105
2.75 8.92191757876e-05 0.000109064718477 0.000136603831469 0.000187524153638 0.000258442795823 0.000241324690277
2.8 9.64722099235e-05 0.000115543552254 0.000152126599112 0.000213266571447 0.000288783020283 0.000181387647892
2.85 0.000105016151006 0.000130675567994 0.000171684050966 0.000245257338342 0.000344590634251 0.000140191947108
2.9 0.000113769171967 0.000143840110702 0.000191250516693 0.000268978643834 0.000425454575181 0.000157985758199
2.95 0.000117005804384 0.000151352529749 0.000209360661642 0.00029163031689 0.000530212548507 0.000199325101468
3.0 0.000127786347162 0.000166673021069 0.000228043829414 0.000350319180843 0.000637346662792 0.000171963599856
