1.0 7.03054186961e-05 8.28584412521e-05 0.000101466559574 0.000126803314328 0.00015801875769 0.000100868004523
1.02 6.04601502317e-05 7.14713114023e-05 8.83015476243e-05 0.000111093423007 0.000138435079573 7.7994501945e-05
1.04 5.70119257709e-05 6.74369141441e-05 8.30838388564e-05 0.000104353706935 0.000130560449504 6.75579647385e-05
1.06 5.94640713396e-05 6.98978638864e-05 8.49836099747e-05 0.000106163728305 0.000132482094296 8.62529499197e-05
1.08 5.41600346423e-05 6.45383464082e-05 7.94349624322e-05 9.84795307226e-05 0.000122435171026 7.21376085576e-05
1.1 5.15697098682e-05 6.07480254743e-05 7.47123426394e-05 9.46112950065e-05 0.000117784077979 6.55370123334e-05
1.12 5.32865277604e-05 6.33793621049e-05 7.68020145967e-05 9.49173890526e-05 0.000116423566175 9.23419449778e-05
1.14 5.1137095352e-05 5.99723830239e-05 7.33381137548e-05 9.18683144473e-05 0.000114456023784 8.05277306389e-05
1.16 5.23468016288e-05 6.15953496929e-05 7.52348948912e-05 9.32415909001e-05 0.00011595002095 8.84620339275e-05
1.18 5.36056420051e-05 6.28106804353e-05 7.63595842471e-05 9.48582676142e-05 0.000118629786449 9.29088973002e-05
1.2 5.24153926129e-05 6.12755615264e-05 7.4471289954e-05 9.27536378406e-05 0.000115614819334 8.39602132762e-05
1.22 4.77268525081e-05 5.57435284994e-05 6.90549109232e-05 8.71709333079e-05 0.000108264620784 4.92020768031e-05
1.24 4.41590997953e-05 5.23063790175e-05 6.46706823687e-05 8.13468464294e-05 0.000100862033843 6.03031667937e-05
1.26 4.34117849814e-05 5.10087220019e-05 6.28501909851e-05 7.8395646295e-05 9.7616121124e-05 6.44816840672e-05
1.28 4.38323346497e-05 5.17015010433e-05 6.34785718734e-05 7.97981981218e-05 9.95336029249e-05 6.30772267187e-05
1.3 4.37574299759e-05 5.11277330202e-05 6.21083757253e-05 7.74058142412e-05 9.64940547229e-05 7.84049371604e-05
1.32 3.93854432336e-05 4.66537340155e-05 5.75136094336e-05 7.23328033274e-05 8.96475917008e-05 8.28593906294e-05
1.34 3.97491501616e-05 4.64758625132e-05 5.634932246e-05 6.9947253401e-05 8.66306355304e-05 5.99953347588e-05
1.36 3.93689321949e-05 4.56359702873e-05 5.63189847461e-05 7.10250706951e-05 8.84764161587e-05 5.86253135991e-05
1.38 3.38485619221e-05 3.98414149477e-05 4.95905130566e-05 6.2757714509e-05 7.84852840076e-05 4.66660308651e-05
1.4 3.65457478512e-05 4.33454068121e-05 5.30107109965e-05 6.58916951109e-05 8.29302194462e-05 5.39926964528e-05
1.42 3.60770918554e-05 4.20444272135e-05 5.0914505482e-05 6.43939294511e-05 8.1068428588e-05 4.02681162357e-05
1.44 3.72133584668e-05 4.4919308995e-05 5.4724879862e-05 6.81621413374e-05 8.46960003903e-05 4.63680287248e-05
1.46 3.17652994061e-05 3.74707229464e-05 4.62924365183e-05 5.86824854388e-05 7.40092307988e-05 3.29888827429e-05
1.48 3.34974384941e-05 3.96837864447e-05 4.81847848895e-05 6.07895041539e-05 7.64718085042e-05 4.4758578852e-05
1.5 4.10169579954e-05 4.82167488006e-05 5.81417238735e-05 7.17626125164e-05 8.96171543008e-05 6.46699483665e-05
1.53 3.37211422203e-05 3.94801143318e-05 4.85652610704e-05 6.16523677261e-05 7.78375992809e-05 5.67151898002e-05
1.56 3.31693514994e-05 3.79718172433e-05 4.69393267197e-05 5.94458694887e-05 7.49264825452e-05 6.28537272088e-05
1.59 3.03893419941e-05 3.65427092104e-05 4.4013235156e-05 5.44907558161e-05 6.88605103107e-05 3.73861913527e-05
1.62 2.91532506672e-05 3.44476738138e-05 4.22935782884e-05 5.32767179004e-05 6.68660096353e-05 4.04186998661e-05
1.65 2.85525257721e-05 3.36391577666e-05 4.08524299387e-05 5.09124821697e-05 6.36809187255e-05 4.12598177156e-05
1.68 2.62271808914e-05 3.1334915012e-05 3.89854728008e-05 4.96160120929e-05 6.22036615812e-05 3.17487672737e-05
1.71 3.01037167562e-05 3.55677765661e-05 4.48757697364e-05 5.7095957113e-05 7.103031357e-05 5.21697877335e-05
1.74 2.98614908708e-05 3.54278065942e-05 4.25795045878e-05 5.41450581586e-05 6.90556050248e-05 4.64822375036e-05
1.8 2.57145614501e-05 3.04263491726e-05 3.78414385856e-05 4.73231884967e-05 5.91536053799e-05 4.06271933533e-05
1.83 2.69501965803e-05 3.14920079892e-05 3.8701854828e-05 4.93332242025e-05 6.20560236679e-05 4.37383369157e-05
1.86 2.83452390926e-05 3.35158412375e-05 4.12169813136e-05 5.22399454608e-05 6.6574341415e-05 4.15022606957e-05
1.89 2.91658796921e-05 3.42185559738e-05 4.1543398126e-05 5.25814899615e-05 6.67416238407e-05 4.82965576565e-05
1.92 2.84904094003e-05 3.37005133674e-05 4.14172748628e-05 5.12158282409e-05 6.37802650394e-05 5.44633400112e-05
1.95 2.96955197291e-05 3.46767565366e-05 4.22660806702e-05 5.31080977079e-05 6.69131460594e-05 5.0332897966e-05
1.98 2.88466694201e-05 3.41072794927e-05 4.14280063706e-05 5.14891418801e-05 6.49878774811e-05 3.99616599524e-05
2.0 3.41338905752e-05 4.01631965129e-05 4.92713859689e-05 6.3091630566e-05 7.8983206863e-05 4.32511243889e-05
2.05 -99 3.36585846008e-05 4.09742919897e-05 5.25897758789e-05 6.65627902707e-05 3.7194889043e-05
2.1 2.74459410126e-05 3.29741494569e-05 4.08450540748e-05 5.10314947747e-05 6.54469370336e-05 3.49513307013e-05
2.15 2.85963775175e-05 3.38667438004e-05 4.09870428733e-05 5.16018085402e-05 6.59370490432e-05 4.2278290549e-05
2.2 2.9932571049e-05 3.56317178013e-05 4.3957147185e-05 5.55494357386e-05 7.08624023221e-05 3.86844662779e-05
2.25 3.30635419949e-05 3.96557650301e-05 4.78673401457e-05 6.13407298286e-05 7.83628646811e-05 4.70240495115e-05
2.3 3.43129334664e-05 4.0340106955e-05 4.98015398177e-05 6.34926243342e-05 8.06782221874e-05 6.96697996233e-05
2.35 3.73224389526e-05 4.41653797926e-05 5.4520015175e-05 6.98523874376e-05 8.82930943481e-05 5.90454395696e-05
2.4 3.59448019506e-05 4.31722431225e-05 5.33928904013e-05 6.74628330303e-05 8.5407143214e-05 3.82957703826e-05
2.45 3.28892414062e-05 3.91574279845e-05 4.87561926808e-05 6.28521544281e-05 8.26112715198e-05 3.92563107029e-05
2.5 3.65237960589e-05 4.44656076724e-05 5.64547047735e-05 7.19286245447e-05 9.2032302888e-05 9.24361353121e-05
2.55 4.57322587253e-05 5.41398035521e-05 6.68443499895e-05 8.63966281491e-05 0.000110992962165 8.22882908216e-05
2.6 4.55423607051e-05 5.38221071282e-05 6.66077948517e-05 8.60308344278e-05 0.000112158127963 4.8043882576e-05
2.65 5.09162197694e-05 6.05974860322e-05 7.61510127469e-05 9.89105889552e-05 0.00012810583737 6.69269886859e-05
2.7 5.07534527949e-05 6.06520481654e-05 7.55324598517e-05 9.97097588581e-05 0.000130048118269 9.27908506591e-05
2.75 5.3219831968e-05 6.34861878827e-05 8.06627748932e-05 0.00010632844539 0.000139816869206 0.000113304244844
2.8 5.65040875717e-05 6.81488003836e-05 8.68578703585e-05 0.000113294598548 0.000150440784265 7.67431841365e-05
2.85 5.86989521856e-05 7.1027639359e-05 9.01667948356e-05 0.000119707235707 0.000162018044729 7.71190942594e-05
2.9 5.85758443438e-05 7.11367002087e-05 9.16601025649e-05 0.00012486561836 0.000169329956764 8.3011232201e-05
2.95 4.07516521721e-05 5.06283306846e-05 6.70915594543e-05 9.78888229179e-05 0.00015051820531 5.54682954587e-05
3.0 -99 6.59260960245e-05 8.64273962949e-05 0.000123216079837 0.000181001011434 7.3602434517e-05
