1.0 0.000141090278496 0.000165823083138 0.000202587925746 0.000255533970769 0.000321001716006 0.000201727727909
1.02 0.000122374703562 0.00014504196671 0.000177583103462 0.000221649627096 0.000274234498174 0.00015770583319
1.04 0.000115015501877 0.00013601389944 0.000166831872235 0.000208753203328 0.000260741332804 0.00013630171009
1.06 0.000117843485616 0.000138770345713 0.000169832485798 0.000212775717075 0.000265395091937 0.000172171618883
1.08 0.0001103970771 0.00012908697737 0.000156957732599 0.000196833420524 0.000245031105889 0.000142548145501
1.1 0.000103459205743 0.000122955910025 0.000151327820081 0.000188922774793 0.00023365279838 0.000133239032996
1.12 0.000107639293335 0.000125870532499 0.000152410783752 0.000188294386955 0.000230957931532 0.000183164461066
1.14 0.000101930990869 0.000119971783621 0.000146763010653 0.000183881768353 0.000228813770281 0.000161198864391
1.16 0.000104347033343 0.000122201965488 0.000148429327743 0.000186409485466 0.000231624581828 0.000176412644938
1.18 0.000106342442778 0.000124335488925 0.000151825226262 0.000189861723636 0.000236141286208 0.000186246517717
1.2 0.000103768561096 0.000121520885784 0.00014901565681 0.000186160196819 0.000232664647737 0.000168580439118
1.22 9.56470242393e-05 0.000113620891045 0.000139283664534 0.000173332012749 0.000215203400134 9.86467753807e-05
1.24 8.95923962237e-05 0.000106450119933 0.000129591303205 0.000161753478051 0.000201475726332 0.000121524315964
1.26 8.70684624502e-05 0.00010282463446 0.000124653667318 0.000156415258076 0.000196397644164 0.000127769984729
1.28 8.81573813897e-05 0.000104244219125 0.000127703495139 0.000159794918976 0.000199248668389 0.00012698124167
1.3 8.64955071955e-05 0.000101270770344 0.000123633453145 0.000154961805777 0.000193047245967 0.000156970909445
1.32 7.99671792321e-05 9.4549745373e-05 0.000115311454636 0.000143772521058 0.000178458343815 0.000164786954532
1.34 7.87193372855e-05 9.18931219568e-05 0.000111600311368 0.000139781909036 0.000174984202437 0.000119033399373
1.36 7.7866689744e-05 9.23487047175e-05 0.000113825253109 0.000141891821029 0.000175992088704 0.000118241824058
1.38 6.88218207479e-05 8.20446907938e-05 0.000100345609408 0.000125616871171 0.000157071880407 9.50190203187e-05
1.4 7.35308736417e-05 8.61786344705e-05 0.000105441208077 0.000133118018482 0.000167219039576 0.000107514323747
1.42 7.049881361e-05 8.36373227915e-05 0.000103064565308 0.000130122302175 0.000161850175251 7.93455484515e-05
1.44 7.55733514934e-05 8.89606365964e-05 0.000108294024846 0.000136063388983 0.000171605749972 9.17029429708e-05
1.46 6.37863314583e-05 7.5899245057e-05 9.37512028949e-05 0.000118633556358 0.000147516430234 6.63515703142e-05
1.48 6.68840678053e-05 7.8779855227e-05 9.72423041704e-05 0.000122008098785 0.00015160624501 8.97011277994e-05
1.5 8.11577225886e-05 9.43731108479e-05 0.000115224503339 0.000144829978237 0.000180930958358 0.000129480966744
1.53 6.69581257788e-05 7.95973068867e-05 9.8373329123e-05 0.000124620401752 0.000155732061416 0.000114655958304
1.56 6.49245241939e-05 7.7134862909e-05 9.52147944003e-05 0.000120023549007 0.000149370344933 0.000126398409291
1.59 6.11144776894e-05 7.10721141363e-05 8.70497076853e-05 0.000110296113216 0.000139339918949 7.2559418818e-05
1.62 5.84216417607e-05 6.90531579386e-05 8.48589953794e-05 0.000106823889651 0.000134114359763 8.09833177422e-05
1.65 5.65565909709e-05 6.62893939212e-05 8.07402731268e-05 0.000102049485037 0.000128937959466 8.14235716722e-05
1.68 5.35828668999e-05 6.39281139243e-05 7.92272437867e-05 9.91016865303e-05 0.00012398056119 6.47730646063e-05
1.71 6.15593967091e-05 7.41585739475e-05 9.04794054915e-05 0.000113424433568 0.000142620136563 0.000103384047795
1.74 5.90155528432e-05 6.95464363239e-05 8.67382579873e-05 0.000109944161245 0.000137034809561 9.54983140001e-05
1.8 5.21206745021e-05 6.15358392628e-05 7.49790462709e-05 9.53249504598e-05 0.000121477231083 8.04076812484e-05
1.83 5.32901791462e-05 6.35714629808e-05 7.87400264659e-05 9.90916510528e-05 0.000124772795966 8.83067568352e-05
1.86 5.68461569905e-05 6.72779547386e-05 8.36365449962e-05 0.000106414553368 0.000132023570363 8.41784971912e-05
1.89 5.75221275832e-05 6.77551207101e-05 8.4127822729e-05 0.000106817208428 0.000134421226481 9.83645833434e-05
1.92 5.71716604369e-05 6.69547140933e-05 8.07042821416e-05 0.000102112707522 0.000129708745679 0.000109700969243
1.95 5.83742561068e-05 6.89131442973e-05 8.45635238966e-05 0.000107105327721 0.000136195537854 0.00010129127108
1.98 5.74262924541e-05 6.70499978296e-05 8.19138865496e-05 0.000103585369197 0.000131798814038 7.87547981997e-05
2.0 6.75507746782e-05 8.06253104495e-05 0.000100207702082 0.000125623849884 0.000158721671918 8.72644543137e-05
2.05 5.63858197488e-05 6.70394079343e-05 8.38466059403e-05 0.00010536614375 0.000134463730629 7.50571355847e-05
2.1 5.61273688732e-05 6.58834904599e-05 8.1122507246e-05 0.000104249006104 0.000132194203391 6.94383708153e-05
2.15 5.63898199581e-05 6.59332190085e-05 8.21275915422e-05 0.000105327340291 0.000134641391941 8.50467079808e-05
2.2 6.01611955225e-05 7.12085059032e-05 8.83848978972e-05 0.000112870916444 0.000142681330311 7.72160344004e-05
2.25 6.55553050502e-05 7.82484768814e-05 9.76065489967e-05 0.000124989395538 0.000158393382288 9.58946743467e-05
2.3 6.83675015596e-05 8.10559092758e-05 0.000100732449857 0.000128574542159 0.000163817541434 0.000141430529379
2.35 7.45701363118e-05 8.92543556173e-05 0.000111374151896 0.000140729981103 0.000178782492784 0.000120135142712
2.4 7.33060181865e-05 8.69127265469e-05 0.000107247494856 0.000136796437802 0.000176235618191 7.78010821363e-05
2.45 6.70220099868e-05 8.01217959753e-05 0.000101341455022 0.000132752745126 0.000171411421637 8.03537585396e-05
2.5 7.68090750354e-05 9.21504910884e-05 0.000114742822782 0.000147797442361 0.000192194264579 0.000192724692402
2.55 9.17510050518e-05 0.000109878017377 0.000137977506756 0.000178273018355 0.000229881938708 0.000169736978163
2.6 9.1071689964e-05 0.000109481820999 0.000137526729612 0.000180790229742 0.000237568705922 9.65324078315e-05
2.65 0.000104206726586 0.000125297052398 0.000158446997615 0.00020639379959 0.000265702291992 0.00013941853001
2.7 0.000102974209207 0.000125309303903 0.000160193291815 0.000209348352231 0.000276991966792 0.000195539225312
2.75 0.00010968757503 0.000133877439472 0.000170717574175 0.00022757043222 0.000301815653072 0.000243486231463
2.8 0.000118171258743 0.000143659314231 0.00018127000722 0.000242528681992 0.000328063076553 0.000160843699998
2.85 0.00012221304409 0.000149825581317 0.000193814747126 0.000266761169106 0.000372448032994 0.000163148535647
2.9 0.000124377271765 0.00015371345081 0.000204227956709 0.000282984811104 0.000401446655108 0.00018325961261
2.95 9.04568845938e-05 0.000117103012738 0.000166531494728 0.000266152713063 0.000436312253037 0.000130361176424
3.0 0.000116961108799 0.0001486468078 0.000207847184689 0.000309029746316 0.000481928728282 0.000169158798853
