
0.0 0.0 1.0 nan
0.0 0.1 0.9 0.141591488021
0.0 0.2 0.8 0.253008532936
0.0 0.3 0.7 0.341407183292
0.0 0.4 0.6 0.411667562529
0.0 0.5 0.5 0.466325826671
0.0 0.6 0.4 0.512970556475
0.0 0.7 0.3 0.554951095349
0.0 0.8 0.2 0.591115438698
0.0 0.9 0.1 0.6225578029
0.0 1.0 0.0 0.650172221367
0.1 0.0 0.9 nan
0.1 0.1 0.8 0.132125404303
0.1 0.2 0.7 0.226791038253
0.1 0.3 0.6 0.306310022819
0.1 0.4 0.5 0.372963090677
0.1 0.5 0.4 0.427379171621
0.1 0.6 0.3 0.471348585091
0.1 0.7 0.2 0.510725449282
0.1 0.8 0.1 0.54696456674
0.1 0.9 0.0 0.578853848067
0.2 0.0 0.8 nan
0.2 0.1 0.7 0.136662830898
0.2 0.2 0.6 0.215995450475
0.2 0.3 0.5 0.285354796922
0.2 0.4 0.4 0.345659361146
0.2 0.5 0.3 0.397619024952
0.2 0.6 0.2 0.440341657855
0.2 0.7 0.1 0.477602576197
0.2 0.8 0.0 0.511975673494
0.3 0.0 0.7 nan
0.3 0.1 0.6 0.140710321568
0.3 0.2 0.5 0.210514602202
0.3 0.3 0.4 0.272184167593
0.3 0.4 0.3 0.326782995639
0.3 0.5 0.2 0.374737293958
0.3 0.6 0.1 0.416106120804
0.3 0.7 0.0 0.451904164125
0.4 0.0 0.6 nan
0.4 0.1 0.5 0.14298188704
0.4 0.2 0.4 0.207176819722
0.4 0.3 0.3 0.262860981558
0.4 0.4 0.2 0.312356682951
0.4 0.5 0.1 0.356557169467
0.4 0.6 0.0 0.396472756156
0.5 0.0 0.5 nan
0.5 0.1 0.4 0.143989508253
0.5 0.2 0.3 0.20445411977
0.5 0.3 0.2 0.255910711573
0.5 0.4 0.1 0.301668355662
0.5 0.5 0.0 0.342768147255
0.6 0.0 0.4 nan
0.6 0.1 0.3 0.143857365075
0.6 0.2 0.2 0.20206145485
0.6 0.3 0.1 0.250231164924
0.6 0.4 0.0 0.293065575289
0.7 0.0 0.3 nan
0.7 0.1 0.2 0.143037437377
0.7 0.2 0.1 0.199578290852
0.7 0.3 0.0 0.245252639062
0.8 0.0 0.2 nan
0.8 0.1 0.1 0.141635503538
0.8 0.2 0.0 0.197007259863
0.9 0.0 0.1 nan
0.9 0.1 0.0 0.140069792622
1.0 0.0 0.0 nan
