
0.0 0.0 1.0 nan
0.0 0.1 0.9 0.172551557782
0.0 0.2 0.8 0.306866665669
0.0 0.3 0.7 0.412155288891
0.0 0.4 0.6 0.492124205546
0.0 0.5 0.5 0.562229278394
0.0 0.6 0.4 0.622064349952
0.0 0.7 0.3 0.672635975003
0.0 0.8 0.2 0.715884350222
0.0 0.9 0.1 0.750671098751
0.0 1.0 0.0 0.781331485902
0.1 0.0 0.9 nan
0.1 0.1 0.8 0.162614797312
0.1 0.2 0.7 0.27565953135
0.1 0.3 0.6 0.371605354196
0.1 0.4 0.5 0.448191028329
0.1 0.5 0.4 0.511924720601
0.1 0.6 0.3 0.569809629266
0.1 0.7 0.2 0.620288248395
0.1 0.8 0.1 0.663837613892
0.1 0.9 0.0 0.703039558707
0.2 0.0 0.8 nan
0.2 0.1 0.7 0.164634302164
0.2 0.2 0.6 0.261556469726
0.2 0.3 0.5 0.346024422611
0.2 0.4 0.4 0.418006622884
0.2 0.5 0.3 0.476771291164
0.2 0.6 0.2 0.530029694852
0.2 0.7 0.1 0.578509505612
0.2 0.8 0.0 0.62165299783
0.3 0.0 0.7 nan
0.3 0.1 0.6 0.166544282644
0.3 0.2 0.5 0.253400525002
0.3 0.3 0.4 0.329186624745
0.3 0.4 0.3 0.395574406911
0.3 0.5 0.2 0.450361818503
0.3 0.6 0.1 0.498543050287
0.3 0.7 0.0 0.544919732391
0.4 0.0 0.6 nan
0.4 0.1 0.5 0.167032459339
0.4 0.2 0.4 0.247578722509
0.4 0.3 0.3 0.316853345143
0.4 0.4 0.2 0.37749427835
0.4 0.5 0.1 0.429932503308
0.4 0.6 0.0 0.475225001108
0.5 0.0 0.5 nan
0.5 0.1 0.4 0.166623274521
0.5 0.2 0.3 0.24252491811
0.5 0.3 0.2 0.307344356048
0.5 0.4 0.1 0.363417550067
0.5 0.5 0.0 0.413134197707
0.6 0.0 0.4 nan
0.6 0.1 0.3 0.165472598262
0.6 0.2 0.2 0.237832317228
0.6 0.3 0.1 0.298976455626
0.6 0.4 0.0 0.35164164664
0.7 0.0 0.3 nan
0.7 0.1 0.2 0.163898980998
0.7 0.2 0.1 0.233522456859
0.7 0.3 0.0 0.291613073571
0.8 0.0 0.2 nan
0.8 0.1 0.1 0.162015898059
0.8 0.2 0.0 0.229318343846
0.9 0.0 0.1 nan
0.9 0.1 0.0 0.160027957202
1.0 0.0 0.0 nan
