
0.0 0.0 1.0 nan
0.0 0.1 0.9 0.505135806317
0.0 0.2 0.8 0.889840526476
0.0 0.3 0.7 1.19139070918
0.0 0.4 0.6 1.44112537926
0.0 0.5 0.5 1.64783502822
0.0 0.6 0.4 1.82172134057
0.0 0.7 0.3 1.96977357998
0.0 0.8 0.2 2.09276435027
0.0 0.9 0.1 2.19279327985
0.0 1.0 0.0 2.2801747695
0.1 0.0 0.9 nan
0.1 0.1 0.8 0.476663374703
0.1 0.2 0.7 0.813375515296
0.1 0.3 0.6 1.08289812802
0.1 0.4 0.5 1.3163736715
0.1 0.5 0.4 1.51342957254
0.1 0.6 0.3 1.68196461797
0.1 0.7 0.2 1.82873312116
0.1 0.8 0.1 1.95620469923
0.1 0.9 0.0 2.06668513628
0.2 0.0 0.8 nan
0.2 0.1 0.7 0.486495862269
0.2 0.2 0.6 0.775288414219
0.2 0.3 0.5 1.01112096876
0.2 0.4 0.4 1.22496081138
0.2 0.5 0.3 1.41050015464
0.2 0.6 0.2 1.57148645803
0.2 0.7 0.1 1.71270537565
0.2 0.8 0.0 1.83856291179
0.3 0.0 0.7 nan
0.3 0.1 0.6 0.496372726665
0.3 0.2 0.5 0.753491478835
0.3 0.3 0.4 0.965603796108
0.3 0.4 0.3 1.15852105598
0.3 0.5 0.2 1.33038626293
0.3 0.6 0.1 1.48253346533
0.3 0.7 0.0 1.6182706663
0.4 0.0 0.6 nan
0.4 0.1 0.5 0.50262593367
0.4 0.2 0.4 0.739916609514
0.4 0.3 0.3 0.931462179579
0.4 0.4 0.2 1.10651478068
0.4 0.5 0.1 1.26548886827
0.4 0.6 0.0 1.40898686753
0.5 0.0 0.5 nan
0.5 0.1 0.4 0.504870269733
0.5 0.2 0.3 0.727575680422
0.5 0.3 0.2 0.905133766033
0.5 0.4 0.1 1.0651314433
0.5 0.5 0.0 1.21512903062
0.6 0.0 0.4 nan
0.6 0.1 0.3 0.504128253847
0.6 0.2 0.2 0.718127324203
0.6 0.3 0.1 0.884837863754
0.6 0.4 0.0 1.03140395819
0.7 0.0 0.3 nan
0.7 0.1 0.2 0.500570882395
0.7 0.2 0.1 0.707329151571
0.7 0.3 0.0 0.86591579544
0.8 0.0 0.2 nan
0.8 0.1 0.1 0.495949758004
0.8 0.2 0.0 0.697357647611
0.9 0.0 0.1 nan
0.9 0.1 0.0 0.491014853679
1.0 0.0 0.0 nan
