
0.0 0.0 1.0 nan
0.0 0.1 0.9 2.35529275475
0.0 0.2 0.8 4.26712225018
0.0 0.3 0.7 5.51231353106
0.0 0.4 0.6 6.71036467342
0.0 0.5 0.5 7.67723413838
0.0 0.6 0.4 8.45501863526
0.0 0.7 0.3 9.12714620165
0.0 0.8 0.2 9.70151090963
0.0 0.9 0.1 10.2062155594
0.0 1.0 0.0 10.5440185349
0.1 0.0 0.9 nan
0.1 0.1 0.8 1.98542583376
0.1 0.2 0.7 3.65058132755
0.1 0.3 0.6 4.81436925379
0.1 0.4 0.5 5.92506736853
0.1 0.5 0.4 6.89763323169
0.1 0.6 0.3 7.67880417787
0.1 0.7 0.2 8.34987986703
0.1 0.8 0.1 8.94156691379
0.1 0.9 0.0 9.45350918992
0.2 0.0 0.8 nan
0.2 0.1 0.7 1.84852994381
0.2 0.2 0.6 3.21933540352
0.2 0.3 0.5 4.43548421456
0.2 0.4 0.4 5.31761665287
0.2 0.5 0.3 6.23320557538
0.2 0.6 0.2 7.04295952157
0.2 0.7 0.1 7.69998212879
0.2 0.8 0.0 8.29107895716
0.3 0.0 0.7 nan
0.3 0.1 0.6 1.78159910096
0.3 0.2 0.5 2.94803737411
0.3 0.3 0.4 4.15238010231
0.3 0.4 0.3 4.85767312223
0.3 0.5 0.2 5.70835686762
0.3 0.6 0.1 6.47604771416
0.3 0.7 0.0 7.14804789415
0.4 0.0 0.6 nan
0.4 0.1 0.5 1.73572492172
0.4 0.2 0.4 2.78185611552
0.4 0.3 0.3 3.83811809725
0.4 0.4 0.2 4.59472434999
0.4 0.5 0.1 5.28072749223
0.4 0.6 0.0 6.00912217909
0.5 0.0 0.5 nan
0.5 0.1 0.4 1.69729168873
0.5 0.2 0.3 2.65144420268
0.5 0.3 0.2 3.58762656538
0.5 0.4 0.1 4.38043656512
0.5 0.5 0.0 4.93164276656
0.6 0.0 0.4 nan
0.6 0.1 0.3 1.66352124374
0.6 0.2 0.2 2.54970308421
0.6 0.3 0.1 3.38985197251
0.6 0.4 0.0 4.20378475414
0.7 0.0 0.3 nan
0.7 0.1 0.2 1.6330308602
0.7 0.2 0.1 2.46416526583
0.7 0.3 0.0 3.23078587088
0.8 0.0 0.2 nan
0.8 0.1 0.1 1.60209057459
0.8 0.2 0.0 2.39022873262
0.9 0.0 0.1 nan
0.9 0.1 0.0 1.57451257557
1.0 0.0 0.0 nan
