0.0 0.0 1.0 nan
0.0 0.1 0.9 1.97837735396
0.0 0.2 0.8 3.55964395265
0.0 0.3 0.7 4.74572280624
0.0 0.4 0.6 5.71302033386
0.0 0.5 0.5 6.56933517755
0.0 0.6 0.4 7.26932371892
0.0 0.7 0.3 7.85109271772
0.0 0.8 0.2 8.34249269812
0.0 0.9 0.1 8.77593327686
0.0 1.0 0.0 9.14996161924
0.1 0.0 0.9 nan
0.1 0.1 0.8 1.89536854325
0.1 0.2 0.7 3.28685881853
0.1 0.3 0.6 4.42691693954
0.1 0.4 0.5 5.20558172539
0.1 0.5 0.4 6.02388818298
0.1 0.6 0.3 6.72623745228
0.1 0.7 0.2 7.23367483128
0.1 0.8 0.1 7.80052665007
0.1 0.9 0.0 8.23476806282
0.2 0.0 0.8 nan
0.2 0.1 0.7 1.86835413736
0.2 0.2 0.6 3.0495610902
0.2 0.3 0.5 4.19113738258
0.2 0.4 0.4 4.83824938585
0.2 0.5 0.3 5.5902717775
0.2 0.6 0.2 6.09989243716
0.2 0.7 0.1 6.84524699574
0.2 0.8 0.0 7.34026585555
0.3 0.0 0.7 nan
0.3 0.1 0.6 1.86056143506
0.3 0.2 0.5 2.91216915337
0.3 0.3 0.4 3.95200485777
0.3 0.4 0.3 4.62094732336
0.3 0.5 0.2 5.23301719082
0.3 0.6 0.1 5.87287808532
0.3 0.7 0.0 6.44408903682
0.4 0.0 0.6 nan
0.4 0.1 0.5 1.85969410804
0.4 0.2 0.4 2.8115939629
0.4 0.3 0.3 3.65221676386
0.4 0.4 0.2 4.4392603979
0.4 0.5 0.1 4.90415080697
0.4 0.6 0.0 5.55179216966
0.5 0.0 0.5 nan
0.5 0.1 0.4 1.85300135327
0.5 0.2 0.3 2.73569286747
0.5 0.3 0.2 3.5739714658
0.5 0.4 0.1 4.19088002466
0.5 0.5 0.0 4.72676034957
0.6 0.0 0.4 nan
0.6 0.1 0.3 1.84273705021
0.6 0.2 0.2 2.66844308499
0.6 0.3 0.1 3.43509223628
0.6 0.4 0.0 4.16389962254
0.7 0.0 0.3 nan
0.7 0.1 0.2 1.82779132073
0.7 0.2 0.1 2.61152214412
0.7 0.3 0.0 3.31892653867
0.8 0.0 0.2 nan
0.8 0.1 0.1 1.76104637003
0.8 0.2 0.0 2.56069685278
0.9 0.0 0.1 nan
0.9 0.1 0.0 1.78821300654
1.0 0.0 0.0 nan
