
0.0 0.0 1.0 nan
0.0 0.1 0.9 0.488359415439
0.0 0.2 0.8 0.865254218017
0.0 0.3 0.7 1.15724919282
0.0 0.4 0.6 1.39937771883
0.0 0.5 0.5 1.60046398715
0.0 0.6 0.4 1.76755978917
0.0 0.7 0.3 1.91236069176
0.0 0.8 0.2 2.03526706463
0.0 0.9 0.1 2.135916293
0.0 1.0 0.0 2.22002956268
0.1 0.0 0.9 nan
0.1 0.1 0.8 0.452657797052
0.1 0.2 0.7 0.775764101067
0.1 0.3 0.6 1.03332657528
0.1 0.4 0.5 1.25777718673
0.1 0.5 0.4 1.44960202874
0.1 0.6 0.3 1.61482806634
0.1 0.7 0.2 1.75611252221
0.1 0.8 0.1 1.88168284853
0.1 0.9 0.0 1.99069601564
0.2 0.0 0.8 nan
0.2 0.1 0.7 0.466821014905
0.2 0.2 0.6 0.742385290288
0.2 0.3 0.5 0.965042201535
0.2 0.4 0.4 1.16691214658
0.2 0.5 0.3 1.34290259373
0.2 0.6 0.2 1.4981504331
0.2 0.7 0.1 1.63528410763
0.2 0.8 0.0 1.75792391602
0.3 0.0 0.7 nan
0.3 0.1 0.6 0.480512056135
0.3 0.2 0.5 0.725753535665
0.3 0.3 0.4 0.923617319737
0.3 0.4 0.3 1.10229219399
0.3 0.5 0.2 1.26557724179
0.3 0.6 0.1 1.40994669602
0.3 0.7 0.0 1.54150121752
0.4 0.0 0.6 nan
0.4 0.1 0.5 0.489884283017
0.4 0.2 0.4 0.714699917177
0.4 0.3 0.3 0.895186018515
0.4 0.4 0.2 1.0563533096
0.4 0.5 0.1 1.20617646957
0.4 0.6 0.0 1.34226832057
0.5 0.0 0.5 nan
0.5 0.1 0.4 0.495059544262
0.5 0.2 0.3 0.704826430306
0.5 0.3 0.2 0.872361776533
0.5 0.4 0.1 1.02098921
0.5 0.5 0.0 1.16040951017
0.6 0.0 0.4 nan
0.6 0.1 0.3 0.496983435137
0.6 0.2 0.2 0.696809047197
0.6 0.3 0.1 0.853978694466
0.6 0.4 0.0 0.991626277648
0.7 0.0 0.3 nan
0.7 0.1 0.2 0.496429346477
0.7 0.2 0.1 0.689221860207
0.7 0.3 0.0 0.838643066389
0.8 0.0 0.2 nan
0.8 0.1 0.1 0.494097466913
0.8 0.2 0.0 0.681665096592
0.9 0.0 0.1 nan
0.9 0.1 0.0 0.490622146563
1.0 0.0 0.0 nan
